x,y,COUNT_POINT_ID
0,0,2
0,6,4
0,10,4
0,12,1
0,14,1
0,18,2
0,20,2
0,22,1
0,24,2
0,28,3
0,32,1
0,34,1
0,36,2
0,40,1
0,42,5
0,46,4
0,48,1
0,50,3
0,54,1
0,60,2
0,64,4
0,68,5
0,72,2
0,76,1
0,78,5
0,82,4
0,86,5
0,88,1
0,90,3
0,96,4
0,100,4
0,104,4
0,108,2
0,112,2
0,114,4
0,118,4
0,122,4
0,126,2
2,2,4
2,8,4
2,12,2
2,16,1
2,20,3
2,26,4
2,34,4
2,38,4
2,42,1
2,44,5
2,52,1
2,56,3
2,60,1
2,62,4
2,64,1
2,70,4
2,74,5
2,80,4
2,82,1
2,84,1
2,88,4
2,92,5
2,98,5
2,106,5
2,110,4
2,112,1
2,116,4
2,118,1
2,124,4
4,0,4
4,4,3
4,10,1
4,12,2
4,14,1
4,16,1
4,18,4
4,20,1
4,22,3
4,28,1
4,30,3
4,36,2
4,40,4
4,44,1
4,46,1
4,48,5
4,50,1
4,52,1
4,54,4
4,56,1
4,58,4
4,64,1
4,66,4
4,72,3
4,74,1
4,76,4
4,78,1
4,82,3
4,84,5
4,86,1
4,90,5
4,94,4
4,100,2
4,102,5
4,104,1
4,108,4
4,112,4
4,118,2
4,120,4
4,126,4
6,2,4
6,6,1
6,8,4
6,16,1
6,18,1
6,20,4
6,24,2
6,26,4
6,32,1
6,34,1
6,38,4
6,42,1
6,44,4
6,48,1
6,50,1
6,52,4
6,54,1
6,56,2
6,58,1
6,60,2
6,62,2
6,64,1
6,68,1
6,70,3
6,74,4
6,78,1
6,80,5
6,88,4
6,90,1
6,92,4
6,96,2
6,98,4
6,106,4
6,110,4
6,114,2
6,116,5
6,124,5
8,0,1
8,4,1
8,6,1
8,8,1
8,10,2
8,12,4
8,18,2
8,22,1
8,26,1
8,28,2
8,30,1
8,32,1
8,34,1
8,36,3
8,38,1
8,40,4
8,42,1
8,44,1
8,46,1
8,48,2
8,50,1
8,54,4
8,58,3
8,62,1
8,64,1
8,66,2
8,68,1
8,70,1
8,72,2
8,74,1
8,76,3
8,80,2
8,82,1
8,84,5
8,86,1
8,88,1
8,90,4
8,94,4
8,98,1
8,100,1
8,102,5
8,104,1
8,108,4
8,112,4
8,116,1
8,118,1
8,120,4
8,122,2
8,126,4
10,2,3
10,6,3
10,10,3
10,12,1
10,16,2
10,20,4
10,22,1
10,24,2
10,26,1
10,28,2
10,30,1
10,34,2
10,36,1
10,38,4
10,42,4
10,46,2
10,48,1
10,52,2
10,54,1
10,56,3
10,58,1
10,60,5
10,64,2
10,66,1
10,68,1
10,70,4
10,74,1
10,78,2
10,82,4
10,88,5
10,90,1
10,92,4
10,96,5
10,100,3
10,106,4
10,108,1
10,110,4
10,114,5
10,118,2
10,120,1
10,124,5
12,0,4
12,8,3
12,10,1
12,12,2
12,14,1
12,16,1
12,18,5
12,20,2
12,24,1
12,26,2
12,28,2
12,30,2
12,34,1
12,36,3
12,44,2
12,46,1
12,48,2
12,50,1
12,54,4
12,56,1
12,58,1
12,60,1
12,62,2
12,64,1
12,66,3
12,72,4
12,78,1
12,80,2
12,82,1
12,84,3
12,86,1
12,88,1
12,90,4
12,98,3
12,100,1
12,102,3
12,108,4
12,110,1
12,112,1
12,116,2
12,118,2
12,120,3
12,124,1
12,126,5
14,0,2
14,2,1
14,4,4
14,6,1
14,8,1
14,10,4
14,12,1
14,14,4
14,16,1
14,18,3
14,22,4
14,26,1
14,28,2
14,30,1
14,32,4
14,36,2
14,38,2
14,40,5
14,44,2
14,46,4
14,50,1
14,54,1
14,56,1
14,58,4
14,60,1
14,62,1
14,64,4
14,66,1
14,68,2
14,72,1
14,76,1
14,78,1
14,80,1
14,82,5
14,84,1
14,86,5
14,90,2
14,92,1
14,94,4
14,98,2
14,100,4
14,104,4
14,108,2
14,110,1
14,112,4
14,114,1
14,116,2
14,118,4
14,122,4
14,124,1
14,126,2
16,0,4
16,2,1
16,8,4
16,12,4
16,18,4
16,20,2
16,22,1
16,26,1
16,30,4
16,36,3
16,38,2
16,40,1
16,44,4
16,48,2
16,52,1
16,54,3
16,56,3
16,58,1
16,60,1
16,62,5
16,66,4
16,68,1
16,72,4
16,74,2
16,78,1
16,80,4
16,84,5
16,86,1
16,88,1
16,90,5
16,92,2
16,98,5
16,100,1
16,102,5
16,108,4
16,110,2
16,112,1
16,116,5
16,120,5
16,122,1
16,124,1
16,126,4
18,0,2
18,4,1
18,6,3
18,10,4
18,14,3
18,18,2
18,22,2
18,24,4
18,26,1
18,28,3
18,32,4
18,36,1
18,40,1
18,42,5
18,46,5
18,50,2
18,54,2
18,56,1
18,58,2
18,60,5
18,64,5
18,68,1
18,70,1
18,72,1
18,76,1
18,78,5
18,80,1
18,82,5
18,84,1
18,86,4
18,90,2
18,94,2
18,96,4
18,100,5
18,104,3
18,108,3
18,112,1
18,114,5
18,116,1
18,118,4
18,122,5
18,124,1
18,126,2
20,2,3
20,4,1
20,8,2
20,14,1
20,16,1
20,20,4
20,22,2
20,26,3
20,28,1
20,34,4
20,38,2
20,44,4
20,46,1
20,52,4
20,56,5
20,62,5
20,66,1
20,68,1
20,70,2
20,74,1
20,76,2
20,78,1
20,80,3
20,88,3
20,92,4
20,94,1
20,98,5
20,106,4
20,110,4
20,112,1
20,116,4
20,118,1
20,120,1
20,124,4
20,126,1
22,0,3
22,4,5
22,8,2
22,10,1
22,12,2
22,18,4
22,22,4
22,26,1
22,28,2
22,30,3
22,34,1
22,36,4
22,40,1
22,46,2
22,48,4
22,50,1
22,54,5
22,56,1
22,58,2
22,62,1
22,64,2
22,66,5
22,70,1
22,72,2
22,74,1
22,76,4
22,80,1
22,82,1
22,84,5
22,86,1
22,90,4
22,92,1
22,94,3
22,100,2
22,102,4
22,104,1
22,108,4
22,112,5
22,116,1
22,118,2
22,120,5
22,126,4
24,2,4
24,4,1
24,6,2
24,8,5
24,10,1
24,12,1
24,14,2
24,16,1
24,18,1
24,20,2
24,24,1
24,26,4
24,28,1
24,34,4
24,36,1
24,38,3
24,42,1
24,44,5
24,52,2
24,56,4
24,60,2
24,62,3
24,66,1
24,70,4
24,74,5
24,78,2
24,80,2
24,82,1
24,88,4
24,92,4
24,96,2
24,98,4
24,106,4
24,110,4
24,114,1
24,116,5
24,118,1
24,122,1
24,124,5
26,0,2
26,2,1
26,4,4
26,8,2
26,10,1
26,12,1
26,14,1
26,18,2
26,22,2
26,28,1
26,30,4
26,32,2
26,34,1
26,36,2
26,40,4
26,42,1
26,44,1
26,46,1
26,48,4
26,50,1
26,52,1
26,54,4
26,56,1
26,58,3
26,64,1
26,66,2
26,68,2
26,72,4
26,76,1
26,80,1
26,82,1
26,84,4
26,86,1
26,90,4
26,94,5
26,96,1
26,98,1
26,100,1
26,102,5
26,104,1
26,108,4
26,112,5
26,116,2
26,118,1
26,120,4
26,122,1
26,124,1
26,126,4
28,2,2
28,6,2
28,10,1
28,12,1
28,16,2
28,20,2
28,24,2
28,26,2
28,28,4
28,30,1
28,34,2
28,38,3
28,40,1
28,42,4
28,46,3
28,52,4
28,56,5
28,60,3
28,64,2
28,70,5
28,72,1
28,74,2
28,78,5
28,80,1
28,82,3
28,84,2
28,88,4
28,92,4
28,96,5
28,100,3
28,106,4
28,110,4
28,112,1
28,114,5
28,118,3
28,120,1
28,124,4
28,126,1
30,0,1
30,2,1
30,4,2
30,6,1
30,8,2
30,12,2
30,14,1
30,16,1
30,18,3
30,22,1
30,26,3
30,28,1
30,30,2
30,36,3
30,40,1
30,44,3
30,46,2
30,48,2
30,54,4
30,56,1
30,62,3
30,64,1
30,66,2
30,72,5
30,80,2
30,82,1
30,84,2
30,88,1
30,90,4
30,94,1
30,98,3
30,100,1
30,102,2
30,106,1
30,108,4
30,116,3
30,118,1
30,120,3
30,122,1
30,126,5
32,0,2
32,2,1
32,4,1
32,6,1
32,8,2
32,10,4
32,14,1
32,18,2
32,20,1
32,22,2
32,26,1
32,28,5
32,32,5
32,36,1
32,38,1
32,40,2
32,44,1
32,46,4
32,48,1
32,50,5
32,52,1
32,54,2
32,56,2
32,58,4
32,60,1
32,62,2
32,64,4
32,68,4
32,72,3
32,74,1
32,76,4
32,78,1
32,80,2
32,82,5
32,86,4
32,88,1
32,90,2
32,92,2
32,94,5
32,96,1
32,98,2
32,100,4
32,104,4
32,106,1
32,108,2
32,110,1
32,112,4
32,114,1
32,116,1
32,118,5
32,122,5
32,126,1
34,0,1
34,2,1
34,4,1
34,8,2
34,12,2
34,14,1
34,16,1
34,18,1
34,20,2
34,24,1
34,26,2
34,28,1
34,30,4
34,34,1
34,36,3
34,38,2
34,40,1
34,44,2
34,48,3
34,54,4
34,56,2
34,62,4
34,64,1
34,66,5
34,72,4
34,74,2
34,80,5
34,82,1
34,84,5
34,88,1
34,90,5
34,92,3
34,96,1
34,98,5
34,102,4
34,108,5
34,110,2
34,116,4
34,120,5
34,126,4
36,0,1
36,2,2
36,4,2
36,6,2
36,10,1
36,14,2
36,16,1
36,18,1
36,20,1
36,24,3
36,26,1
36,28,1
36,32,2
36,34,1
36,36,3
36,40,2
36,42,2
36,46,3
36,50,3
36,52,1
36,54,2
36,56,1
36,58,1
36,60,3
36,64,4
36,68,5
36,72,2
36,74,1
36,76,2
36,78,4
36,82,5
36,86,4
36,88,1
36,90,3
36,92,1
36,94,1
36,96,5
36,98,1
36,100,4
36,104,5
36,108,3
36,112,1
36,114,5
36,116,1
36,118,5
36,122,4
36,126,2
38,2,1
38,4,1
38,6,1
38,8,1
38,12,1
38,16,2
38,20,1
38,22,1
38,26,1
38,30,1
38,32,1
38,34,1
38,38,3
38,44,4
38,52,2
38,56,3
38,58,1
38,60,1
38,62,2
38,66,1
38,70,4
38,72,1
38,74,4
38,76,1
38,80,4
38,82,1
38,86,1
38,88,4
38,92,4
38,98,4
38,102,1
38,106,4
38,110,4
38,114,1
38,116,4
38,118,1
38,120,1
38,122,1
38,124,3
38,126,1
40,0,2
40,4,2
40,6,2
40,8,1
40,10,2
40,12,1
40,18,2
40,20,1
40,22,2
40,24,2
40,28,2
40,30,4
40,34,1
40,36,2
40,40,4
40,44,1
40,46,2
40,48,2
40,50,1
40,52,1
40,54,3
40,58,2
40,64,2
40,66,4
40,70,1
40,72,4
40,76,1
40,78,1
40,82,3
40,84,5
40,88,1
40,90,4
40,94,5
40,100,3
40,102,4
40,108,4
40,112,5
40,114,1
40,118,3
40,120,5
40,122,1
40,124,1
40,126,4
42,0,2
42,2,3
42,6,1
42,8,2
42,10,1
42,12,1
42,16,2
42,18,1
42,20,2
42,22,1
42,24,1
42,26,2
42,28,1
42,32,1
42,34,3
42,36,1
42,38,2
42,42,1
42,44,5
42,46,1
42,48,1
42,50,2
42,52,4
42,56,4
42,58,1
42,60,2
42,62,2
42,64,1
42,70,4
42,74,5
42,78,3
42,80,5
42,86,1
42,88,4
42,90,1
42,92,5
42,96,2
42,98,4
42,100,1
42,106,5
42,110,4
42,112,1
42,114,2
42,116,5
42,118,1
42,120,1
42,124,3
42,126,1
44,0,1
44,2,2
44,4,1
44,6,1
44,8,2
44,12,3
44,16,1
44,18,1
44,22,1
44,24,1
44,26,1
44,30,2
44,32,1
44,36,3
44,38,1
44,40,4
44,42,1
44,44,1
44,46,1
44,48,4
44,50,1
44,54,3
44,56,1
44,58,2
44,60,1
44,62,2
44,64,2
44,66,3
44,68,1
44,70,1
44,72,4
44,76,4
44,80,2
44,84,3
44,86,1
44,90,4
44,94,4
44,96,1
44,98,2
44,100,1
44,102,4
44,104,2
44,108,5
44,110,1
44,112,5
44,114,1
44,116,1
44,118,2
44,120,4
44,122,1
44,124,1
44,126,4
46,0,1
46,2,2
46,4,1
46,6,4
46,10,2
46,12,2
46,16,2
46,18,1
46,20,2
46,24,1
46,26,2
46,28,3
46,30,1
46,34,3
46,38,3
46,42,2
46,46,2
46,48,2
46,52,4
46,56,5
46,60,3
46,62,2
46,64,2
46,66,2
46,68,1
46,70,4
46,74,5
46,78,4
46,80,1
46,82,3
46,88,4
46,90,1
46,92,4
46,96,5
46,100,4
46,102,2
46,106,5
46,110,4
46,114,5
46,116,1
46,118,3
46,120,1
46,122,1
46,124,5
46,126,1
48,0,2
48,6,1
48,8,2
48,10,1
48,12,1
48,14,1
48,16,1
48,18,1
48,20,2
48,24,1
48,26,3
48,28,1
48,30,3
48,32,1
48,34,1
48,36,4
48,38,1
48,44,2
48,46,1
48,48,2
48,54,4
48,58,1
48,62,1
48,64,1
48,66,2
48,72,3
48,74,1
48,78,1
48,80,2
48,84,1
48,90,4
48,92,1
48,96,1
48,98,2
48,100,1
48,102,3
48,106,1
48,108,5
48,114,1
48,116,2
48,118,2
48,120,2
48,122,1
48,124,1
48,126,4
50,0,2
50,2,1
50,4,5
50,6,1
50,8,2
50,10,3
50,12,2
50,14,2
50,16,1
50,18,2
50,22,1
50,26,2
50,28,2
50,30,1
50,32,3
50,36,1
50,38,1
50,40,1
50,44,2
50,46,3
50,50,3
50,54,1
50,56,2
50,58,2
50,62,2
50,64,4
50,68,5
50,72,2
50,74,1
50,76,4
50,80,2
50,82,4
50,86,4
50,88,1
50,90,2
50,92,2
50,94,5
50,98,1
50,100,4
50,104,4
50,106,1
50,108,1
50,110,1
50,112,5
50,114,1
50,116,3
50,118,4
50,122,5
50,124,1
50,126,2
52,0,2
52,2,1
52,8,2
52,10,2
52,12,2
52,14,2
52,18,4
52,20,2
52,24,1
52,26,1
52,28,1
52,30,3
52,32,1
52,36,3
52,38,2
52,44,1
52,48,1
52,54,4
52,56,1
52,60,1
52,62,4
52,66,5
52,72,4
52,74,2
52,80,4
52,82,1
52,84,5
52,88,1
52,90,5
52,92,2
52,94,1
52,96,1
52,98,4
52,102,5
52,104,1
52,108,5
52,110,3
52,112,1
52,114,1
52,116,4
52,118,1
52,120,4
52,126,5
54,0,1
54,4,1
54,6,4
54,8,1
54,10,2
54,14,2
54,18,2
54,20,1
54,22,1
54,24,2
54,26,2
54,28,2
54,30,1
54,32,3
54,34,2
54,36,2
54,38,1
54,40,1
54,42,2
54,46,2
54,50,5
54,54,2
54,56,1
54,58,1
54,60,4
54,62,1
54,64,4
54,66,1
54,68,2
54,72,3
54,74,1
54,76,1
54,78,4
54,82,4
54,84,1
54,86,5
54,90,2
54,94,2
54,96,4
54,100,4
54,102,1
54,104,4
54,108,2
54,110,1
54,112,2
54,114,4
54,118,4
54,122,4
54,126,3
56,0,1
56,2,3
56,4,1
56,8,3
56,10,2
56,12,1
56,14,1
56,16,4
56,20,2
56,26,2
56,28,1
56,30,2
56,32,1
56,34,3
56,36,1
56,38,4
56,40,1
56,44,2
56,46,1
56,52,3
56,56,4
56,60,1
56,62,4
56,66,1
56,70,5
56,72,1
56,74,3
56,80,5
56,82,1
56,84,1
56,86,1
56,88,5
56,90,1
56,92,5
56,94,1
56,96,1
56,98,4
56,106,4
56,108,1
56,110,4
56,112,1
56,116,5
56,118,1
56,120,1
56,122,1
56,124,4
58,0,3
58,2,1
58,4,3
58,10,1
58,12,3
58,18,2
58,20,1
58,22,1
58,24,1
58,26,2
58,28,2
58,30,1
58,32,2
58,34,1
58,36,3
58,40,4
58,46,2
58,48,2
58,50,1
58,54,4
58,58,5
58,64,1
58,66,4
58,70,1
58,72,3
58,76,5
58,78,1
58,82,3
58,84,5
58,88,1
58,90,5
58,92,1
58,94,4
58,100,2
58,102,4
58,108,4
58,112,5
58,118,3
58,120,4
58,122,1
58,124,1
58,126,5
60,2,4
60,6,1
60,8,4
60,10,1
60,12,1
60,16,2
60,18,1
60,20,3
60,22,2
60,24,2
60,26,2
60,28,1
60,32,2
60,34,1
60,38,5
60,42,1
60,44,4
60,50,1
60,52,2
60,56,5
60,58,1
60,60,3
60,62,4
60,64,1
60,66,1
60,68,1
60,70,4
60,74,5
60,78,2
60,80,5
60,82,1
60,84,1
60,88,5
60,90,1
60,92,4
60,96,2
60,98,4
60,104,2
60,106,4
60,108,1
60,110,5
60,112,1
60,114,2
60,116,5
60,120,1
60,122,1
60,124,4
60,126,1
62,0,5
62,4,5
62,8,1
62,12,2
62,14,1
62,16,1
62,18,2
62,20,1
62,22,1
62,24,1
62,26,2
62,28,1
62,30,2
62,32,2
62,36,3
62,40,4
62,44,1
62,46,1
62,48,4
62,50,2
62,52,1
62,54,5
62,56,1
62,58,5
62,62,1
62,64,1
62,66,5
62,68,1
62,70,1
62,72,5
62,74,1
62,76,4
62,80,2
62,82,1
62,84,5
62,86,2
62,88,1
62,90,5
62,92,1
62,94,5
62,96,1
62,98,2
62,100,1
62,102,3
62,106,1
62,108,4
62,112,4
62,116,1
62,118,1
62,120,4
62,122,1
62,126,5
64,2,4
64,6,2
64,8,1
64,10,1
64,12,2
64,16,3
64,18,2
64,20,2
64,22,1
64,24,4
64,28,2
64,30,2
64,32,1
64,34,3
64,36,1
64,38,4
64,42,4
64,44,1
64,46,2
64,48,2
64,50,1
64,52,5
64,56,1
64,60,5
64,62,1
64,64,4
64,66,2
64,68,1
64,70,4
64,72,1
64,74,5
64,78,5
64,82,3
64,84,1
64,88,5
64,90,1
64,92,4
64,94,1
64,96,4
64,100,3
64,106,4
64,110,4
64,114,4
64,118,3
64,120,1
64,122,1
64,124,4
64,126,1
66,0,4
66,8,3
66,10,1
66,12,2
66,18,2
66,22,1
66,24,1
66,26,2
66,30,2
66,36,5
66,40,1
66,42,1
66,44,2
66,46,1
66,48,4
66,50,1
66,54,4
66,58,1
66,62,4
66,64,2
66,66,3
66,68,1
66,72,5
66,76,1
66,80,3
66,82,1
66,84,3
66,86,1
66,90,5
66,92,1
66,98,2
66,100,2
66,102,2
66,104,1
66,108,4
66,114,1
66,116,3
66,118,2
66,120,3
66,122,1
66,126,4
68,0,2
68,2,1
68,4,4
68,6,1
68,8,1
68,10,2
68,14,1
68,18,2
68,22,3
68,24,1
68,26,3
68,28,2
68,32,1
68,34,1
68,36,2
68,38,1
68,40,5
68,44,3
68,46,3
68,50,5
68,54,3
68,56,2
68,58,4
68,62,2
68,64,5
68,66,1
68,68,4
68,72,2
68,74,2
68,76,5
68,80,2
68,82,5
68,86,4
68,90,3
68,92,1
68,94,5
68,96,1
68,98,2
68,100,5
68,102,1
68,104,5
68,106,1
68,108,2
68,110,1
68,112,5
68,116,1
68,118,5
68,122,4
68,124,1
68,126,1
70,0,5
70,2,1
70,6,1
70,8,2
70,10,1
70,12,1
70,16,1
70,18,2
70,20,2
70,26,4
70,30,2
70,36,4
70,38,2
70,44,4
70,46,1
70,48,4
70,50,1
70,52,1
70,54,4
70,56,3
70,58,1
70,62,5
70,66,4
70,68,1
70,70,1
70,72,5
70,74,3
70,78,1
70,80,5
70,82,1
70,84,4
70,86,1
70,90,5
70,92,2
70,94,1
70,98,4
70,102,5
70,108,4
70,110,1
70,116,3
70,118,1
70,120,5
70,126,5
72,0,3
72,2,1
72,4,1
72,6,2
72,10,5
72,12,1
72,14,3
72,18,2
72,24,2
72,28,1
72,32,5
72,36,2
72,40,2
72,42,5
72,44,1
72,46,4
72,48,1
72,50,5
72,54,3
72,58,2
72,60,4
72,64,5
72,68,5
72,72,4
72,74,1
72,76,2
72,78,4
72,80,1
72,82,5
72,84,1
72,86,4
72,90,2
72,94,1
72,96,5
72,100,4
72,102,1
72,104,2
72,108,2
72,110,1
72,112,1
72,114,4
72,118,4
72,122,3
72,126,1
74,0,1
74,2,1
74,6,1
74,8,2
74,10,1
74,14,1
74,16,5
74,20,1
74,22,1
74,26,3
74,34,4
74,38,5
74,40,1
74,44,4
74,50,1
74,52,5
74,56,5
74,58,1
74,62,4
74,66,1
74,68,1
74,70,5
74,74,4
74,80,5
74,88,5
74,92,5
74,98,4
74,106,5
74,110,3
74,112,1
74,116,4
74,124,5
76,0,1
76,2,2
76,4,2
76,6,1
76,10,2
76,12,5
76,18,4
76,22,4
76,28,2
76,30,4
76,36,5
76,40,4
76,42,1
76,46,2
76,48,4
76,52,1
76,54,5
76,58,3
76,64,2
76,66,5
76,68,1
76,72,4
76,76,5
76,82,2
76,84,5
76,90,4
76,94,5
76,100,2
76,102,5
76,108,5
76,112,1
76,118,2
76,120,5
76,122,1
76,126,2
78,0,1
78,2,3
78,4,1
78,6,3
78,8,5
78,16,4
78,20,4
78,24,2
78,26,5
78,34,4
78,38,4
78,40,1
78,42,2
78,44,5
78,48,1
78,50,1
78,52,5
78,56,4
78,60,1
78,62,5
78,66,1
78,70,5
78,74,4
78,76,1
78,78,2
78,80,5
78,84,1
78,88,5
78,92,5
78,94,1
78,96,2
78,98,4
78,100,1
78,102,1
78,104,1
78,106,4
78,110,4
78,114,1
78,116,4
78,118,1
78,120,1
78,122,1
78,124,1
80,0,3
80,2,1
80,4,2
80,6,1
80,8,2
80,12,4
80,14,1
80,18,5
80,22,5
80,24,1
80,26,2
80,28,2
80,30,4
80,32,1
80,36,4
80,40,5
80,42,1
80,44,1
80,46,2
80,48,5
80,50,1
80,54,4
80,56,1
80,58,5
80,60,1
80,62,2
80,64,1
80,66,4
80,68,1
80,72,4
80,76,5
80,78,1
80,80,2
80,82,2
80,84,4
80,86,1
80,90,4
80,92,1
80,94,3
80,98,1
80,100,1
80,102,4
80,104,1
80,106,1
80,108,5
80,112,4
80,116,2
80,118,1
80,120,2
80,122,1
80,126,5
82,0,2
82,2,2
82,4,1
82,6,4
82,8,1
82,10,3
82,16,4
82,20,4
82,24,4
82,28,2
82,30,1
82,34,4
82,36,1
82,38,4
82,42,4
82,46,4
82,48,1
82,50,1
82,52,5
82,56,5
82,60,4
82,64,3
82,66,1
82,70,4
82,74,5
82,78,5
82,80,2
82,82,2
82,88,5
82,92,4
82,96,5
82,98,1
82,100,2
82,102,1
82,104,1
82,106,5
82,110,2
82,112,1
82,114,3
82,116,1
82,118,2
82,120,1
82,124,4
82,126,1
84,0,2
84,4,1
84,8,1
84,10,2
84,12,4
84,14,1
84,16,1
84,18,2
84,26,3
84,28,1
84,30,3
84,34,1
84,36,4
84,40,1
84,44,4
84,48,3
84,54,5
84,56,1
84,58,1
84,62,4
84,64,1
84,66,3
84,72,5
84,74,1
84,76,1
84,80,2
84,82,2
84,84,3
84,86,1
84,88,1
84,90,5
84,98,3
84,100,1
84,102,3
84,108,3
84,112,1
84,116,2
84,118,2
84,120,2
84,122,1
84,124,1
84,126,5
86,0,2
86,2,2
86,4,2
86,8,1
86,10,4
86,14,4
86,18,2
86,22,5
86,24,1
86,26,3
86,28,4
86,32,5
86,34,1
86,36,2
86,38,1
86,40,2
86,42,1
86,44,2
86,46,5
86,50,4
86,52,1
86,54,2
86,56,1
86,58,5
86,62,1
86,64,4
86,68,4
86,70,1
86,72,3
86,74,1
86,76,4
86,80,3
86,82,4
86,84,1
86,86,5
86,90,2
86,92,1
86,94,5
86,98,2
86,100,5
86,104,4
86,108,2
86,110,1
86,112,5
86,116,1
86,118,5
86,120,1
86,122,5
86,124,1
86,126,2
88,0,3
88,2,2
88,4,1
88,8,3
88,12,4
88,14,1
88,18,5
88,20,3
88,26,4
88,28,1
88,30,3
88,36,4
88,38,2
88,40,1
88,44,5
88,48,5
88,50,1
88,52,1
88,54,5
88,56,2
88,60,1
88,62,5
88,64,1
88,66,4
88,68,1
88,70,1
88,72,5
88,74,2
88,76,1
88,78,1
88,80,5
88,84,4
88,90,4
88,92,2
88,98,5
88,102,4
88,104,1
88,108,4
88,110,1
88,112,1
88,114,1
88,116,5
88,118,1
88,120,4
88,126,4
90,0,2
90,4,1
90,6,2
90,8,1
90,10,4
90,14,4
90,18,2
90,20,1
90,22,1
90,24,5
90,28,5
90,30,1
90,32,4
90,34,1
90,36,3
90,40,1
90,42,4
90,44,1
90,46,2
90,50,3
90,54,1
90,58,1
90,60,4
90,64,5
90,66,1
90,68,5
90,72,3
90,76,1
90,78,5
90,82,5
90,86,4
90,90,2
90,92,1
90,94,1
90,96,5
90,100,5
90,102,1
90,104,3
90,108,2
90,112,2
90,114,5
90,118,5
90,122,3
90,124,1
90,126,3
92,2,4
92,4,1
92,6,1
92,8,2
92,16,3
92,18,1
92,20,4
92,26,5
92,30,1
92,34,4
92,38,2
92,44,5
92,46,1
92,48,1
92,50,1
92,52,5
92,56,4
92,62,5
92,64,1
92,66,1
92,68,1
92,70,5
92,74,5
92,78,1
92,80,4
92,86,1
92,88,4
92,92,4
92,98,5
92,106,5
92,108,1
92,110,5
92,116,4
92,124,5
94,0,5
94,4,2
94,8,2
94,10,3
94,12,5
94,14,1
94,16,1
94,18,2
94,22,2
94,24,1
94,26,2
94,28,2
94,30,4
94,34,1
94,36,3
94,38,1
94,40,4
94,46,3
94,48,5
94,50,1
94,52,1
94,54,5
94,58,5
94,60,1
94,62,1
94,64,3
94,66,5
94,68,1
94,72,5
94,74,1
94,76,4
94,78,1
94,82,2
94,84,4
94,90,4
94,94,4
94,100,2
94,102,4
94,106,1
94,108,5
94,110,1
94,112,4
94,116,2
94,118,2
94,120,4
94,126,5
96,0,1
96,2,4
96,6,2
96,8,5
96,12,1
96,16,5
96,20,5
96,22,1
96,24,3
96,26,4
96,32,1
96,34,5
96,36,1
96,38,5
96,42,2
96,44,4
96,50,1
96,52,4
96,54,1
96,56,4
96,58,1
96,60,2
96,62,4
96,64,1
96,66,1
96,70,3
96,72,1
96,74,5
96,78,2
96,80,5
96,88,5
96,90,1
96,92,4
96,96,3
96,98,4
96,106,5
96,108,1
96,110,4
96,114,2
96,116,5
96,118,1
96,120,1
96,124,5
98,0,4
98,2,1
98,4,4
98,10,1
98,12,5
98,18,3
98,20,1
98,22,5
98,26,1
98,28,2
98,30,5
98,32,1
98,34,1
98,36,3
98,40,5
98,42,1
98,44,2
98,46,1
98,48,4
98,50,1
98,54,3
98,56,1
98,58,5
98,62,1
98,64,2
98,66,5
98,68,2
98,70,1
98,72,4
98,76,5
98,80,2
98,82,1
98,84,4
98,86,2
98,88,1
98,90,4
98,92,1
98,94,4
98,98,1
98,100,1
98,102,4
98,104,1
98,106,1
98,108,4
98,112,4
98,116,1
98,118,1
98,120,5
98,122,1
98,124,1
98,126,3
100,2,5
100,6,4
100,10,3
100,16,5
100,20,5
100,24,5
100,26,1
100,28,3
100,30,1
100,32,1
100,34,5
100,36,1
100,38,4
100,42,5
100,44,1
100,46,4
100,48,1
100,50,1
100,52,4
100,56,4
100,60,5
100,62,1
100,64,3
100,66,1
100,70,5
100,72,1
100,74,5
100,78,4
100,80,1
100,82,3
100,84,1
100,88,4
100,92,4
100,96,4
100,100,3
100,106,5
100,110,5
100,114,5
100,118,3
100,120,1
100,124,4
100,126,1
102,0,5
102,8,3
102,10,1
102,12,3
102,16,2
102,18,5
102,22,1
102,24,1
102,26,4
102,28,1
102,30,3
102,34,1
102,36,5
102,38,1
102,40,1
102,44,3
102,46,1
102,48,4
102,52,1
102,54,4
102,60,1
102,62,4
102,64,1
102,66,4
102,72,3
102,74,1
102,78,1
102,80,3
102,82,1
102,84,3
102,90,4
102,92,1
102,96,1
102,98,3
102,100,1
102,102,3
102,108,4
102,112,1
102,116,3
102,118,1
102,120,2
102,126,2
104,0,2
104,4,5
104,8,1
104,10,4
104,14,2
104,18,2
104,20,2
104,22,5
104,26,3
104,28,5
104,32,3
104,36,1
104,40,4
104,44,2
104,46,4
104,50,3
104,54,3
104,56,1
104,58,5
104,60,1
104,62,2
104,64,5
104,66,1
104,68,2
104,70,1
104,72,3
104,74,2
104,76,4
104,78,1
104,80,3
104,82,4
104,86,4
104,90,3
104,92,2
104,94,4
104,96,1
104,98,2
104,100,5
104,104,4
104,108,1
104,110,1
104,112,5
104,116,2
104,118,2
104,122,5
104,126,1
106,0,4
106,2,3
106,8,1
106,12,4
106,14,1
106,18,5
106,20,3
106,26,5
106,28,1
106,30,4
106,34,1
106,36,5
106,38,1
106,44,4
106,48,2
106,52,1
106,54,2
106,56,2
106,58,1
106,62,5
106,66,5
106,72,5
106,74,2
106,78,1
106,80,5
106,84,4
106,88,1
106,90,5
106,92,2
106,98,4
106,100,1
106,102,4
106,108,4
106,110,2
106,116,2
106,118,1
106,120,2
106,122,1
106,126,4
108,0,2
108,2,1
108,4,2
108,6,4
108,8,1
108,10,5
108,14,4
108,18,3
108,22,1
108,24,4
108,28,4
108,32,4
108,36,3
108,42,4
108,46,4
108,48,1
108,50,1
108,52,1
108,54,2
108,58,1
108,60,4
108,62,1
108,64,5
108,66,1
108,68,5
108,72,2
108,76,2
108,78,4
108,82,5
108,84,1
108,86,5
108,90,2
108,94,1
108,96,4
108,100,5
108,104,3
108,108,2
108,112,1
108,114,4
108,118,1
108,122,5
108,126,1
110,0,1
110,2,3
110,6,1
110,8,5
110,14,1
110,16,4
110,20,4
110,22,2
110,26,3
110,30,1
110,34,4
110,36,1
110,38,4
110,44,3
110,46,1
110,50,2
110,52,2
110,56,2
110,58,1
110,62,5
110,64,1
110,66,1
110,70,4
110,74,5
110,76,1
110,78,1
110,80,4
110,82,1
110,88,4
110,92,5
110,94,1
110,98,5
110,106,4
110,110,5
110,112,1
110,114,1
110,116,4
110,118,1
110,120,2
110,122,1
110,124,4
112,0,1
112,4,4
112,10,2
112,12,3
112,16,1
112,18,5
112,20,1
112,22,5
112,28,2
112,30,4
112,32,1
112,34,1
112,36,3
112,40,1
112,46,3
112,48,4
112,52,1
112,54,3
112,58,4
112,60,1
112,62,1
112,64,2
112,66,4
112,70,1
112,72,4
112,76,4
112,82,2
112,84,4
112,90,4
112,94,4
112,100,2
112,102,5
112,108,3
112,112,5
112,116,1
112,118,2
112,120,2
112,122,1
112,124,2
112,126,2
114,2,4
114,6,2
114,8,4
114,12,1
114,16,5
114,20,4
114,24,1
114,26,5
114,32,1
114,34,4
114,38,2
114,40,1
114,42,2
114,44,4
114,50,1
114,52,4
114,54,1
114,56,2
114,60,2
114,62,4
114,66,1
114,68,1
114,70,5
114,72,1
114,74,5
114,78,3
114,80,5
114,88,5
114,92,4
114,96,2
114,98,5
114,106,4
114,110,5
114,114,1
114,116,5
114,118,1
114,120,1
114,122,2
114,124,2
114,126,2
116,0,4
116,4,4
116,8,1
116,10,1
116,12,1
116,14,1
116,18,5
116,22,4
116,26,1
116,28,2
116,30,4
116,32,2
116,36,5
116,38,1
116,40,4
116,44,1
116,46,1
116,48,4
116,50,1
116,52,1
116,54,2
116,56,1
116,58,1
116,62,1
116,64,2
116,66,5
116,68,1
116,72,4
116,74,1
116,76,4
116,78,1
116,80,1
116,82,1
116,84,4
116,86,1
116,90,5
116,94,4
116,98,1
116,100,2
116,102,4
116,104,1
116,108,4
116,110,1
116,112,5
116,116,1
116,118,1
116,120,4
116,122,1
116,124,2
116,126,1
118,2,4
118,6,4
118,10,3
118,12,2
118,14,1
118,16,3
118,20,5
118,24,2
118,26,1
118,28,3
118,30,1
118,32,1
118,34,4
118,38,4
118,42,4
118,46,2
118,48,1
118,50,1
118,52,5
118,56,4
118,60,4
118,64,4
118,66,1
118,70,2
118,74,4
118,78,4
118,82,2
118,84,1
118,86,1
118,88,4
118,92,4
118,96,4
118,100,3
118,102,1
118,106,4
118,108,1
118,110,4
118,112,1
118,114,4
118,118,2
118,122,2
118,124,4
118,126,1
120,0,4
120,2,1
120,8,2
120,10,1
120,12,2
120,14,1
120,16,1
120,18,3
120,26,2
120,28,2
120,30,2
120,36,4
120,40,1
120,44,2
120,46,1
120,48,4
120,52,2
120,54,2
120,60,1
120,62,3
120,64,2
120,66,4
120,70,1
120,72,4
120,80,3
120,84,2
120,90,4
120,92,1
120,98,2
120,100,1
120,102,2
120,106,1
120,108,5
120,116,2
120,118,1
120,120,3
120,124,1
120,126,1
122,0,2
122,2,1
122,4,4
122,8,3
122,10,4
122,14,5
122,16,1
122,18,2
122,20,1
122,22,4
122,24,1
122,26,2
122,28,4
122,32,4
122,36,2
122,38,1
122,40,4
122,44,2
122,46,5
122,50,2
122,52,2
122,54,2
122,56,1
122,58,4
122,62,1
122,64,5
122,66,1
122,68,4
122,70,1
122,72,3
122,74,2
122,76,4
122,80,2
122,82,4
122,86,4
122,90,3
122,92,1
122,94,5
122,98,2
122,100,3
122,102,1
122,104,5
122,108,1
122,110,1
122,112,4
122,116,2
122,118,5
122,122,3
122,126,2
124,0,2
124,2,2
124,6,1
124,8,4
124,12,5
124,14,1
124,18,4
124,20,2
124,24,1
124,26,4
124,28,1
124,30,4
124,36,5
124,38,3
124,44,4
124,48,3
124,50,1
124,52,1
124,54,5
124,56,1
124,58,1
124,62,4
124,64,1
124,66,5
124,68,1
124,70,1
124,72,4
124,74,2
124,76,1
124,80,4
124,84,5
124,90,4
124,92,2
124,98,2
124,100,1
124,102,4
124,108,3
124,110,2
124,114,2
124,116,4
124,120,1
124,124,1
124,126,4
126,0,2
126,4,2
126,6,4
126,8,1
126,10,5
126,14,3
126,18,3
126,22,1
126,24,5
126,28,5
126,32,2
126,36,2
126,40,2
126,42,4
126,46,4
126,50,1
126,54,1
126,58,1
126,60,4
126,64,5
126,66,1
126,68,3
126,72,4
126,76,2
126,78,4
126,80,1
126,82,5
126,86,4
126,90,2
126,94,2
126,96,5
126,100,3
126,102,1
126,104,5
126,108,3
126,112,1
126,114,3
126,118,5
126,120,2
126,122,2
126,124,1
126,126,3